# 
# Molecular graphics exported from VMD 1.8.6b12
# http://www.ks.uiuc.edu/Research/vmd/
# 
# Requires Tachyon version 0.98 or newer
# 
# Default tachyon rendering command for this scene:
#   tachyon  -aasamples 4 -trans_vmd -mediumshade %s -format TARGA -o %s.tga
# 
Begin_Scene
Resolution 514 247
Camera
  Zoom 1.33333
  Aspectratio 1
  Antialiasing 0
  Raydepth 30
  Center  0 0 -2
  Viewdir -0 -0 2
  Updir   0 1 -0
End_Camera
Directional_Light Direction 0.1 -0.1 1 Color 1 1 1
Directional_Light Direction -1 -2 0.5 Color 1 1 1

Background 1 1 1
# MoleculeID: 0 ReprID: 8 Beginning Isosurface
VertexArray  Numverts 58

Coords
0.502636 -0.0362021 -0.940424
0.483303 -0.0189485 -0.951303
0.499081 -0.0415317 -0.968395
0.533168 -0.0637113 -0.981765
0.538526 -0.0577665 -0.931236
0.57318 -0.0693144 -0.979374
0.576843 -0.0676347 -0.935263
0.614376 -0.0716038 -0.973832
0.616091 -0.0730199 -0.944355
0.641449 -0.0646455 -0.962699
0.511245 -0.00750125 -0.936037
0.549828 -0.0234415 -0.912013
0.52604 -0.000540499 -0.927157
0.587401 -0.0368952 -0.911988
0.626078 -0.0450328 -0.917971
0.655498 -0.0379478 -0.936486
0.561723 0.0161762 -0.905804
0.599914 0.00325949 -0.899352
0.574547 0.0162004 -0.903426
0.63782 -0.008588 -0.901143
0.650595 -0.00577408 -0.908907
0.602304 0.0121658 -0.901898
0.640754 0.00219381 -0.903661
0.534007 -0.0594079 -0.987388
0.530577 -0.0357111 -1.01102
0.538385 -0.0381764 -1.01177
0.546451 -0.040298 -1.01217
0.49457 0.00545016 -0.981204
0.504278 -0.0160528 -0.998454
0.578567 -0.043302 -1.00893
0.620209 -0.0443469 -1.0022
0.644192 -0.0377838 -0.991985
0.514276 0.0119184 -0.971858
0.541146 0.022749 -0.957334
0.653808 -0.00980517 -0.965453
0.564191 0.0340205 -0.943123
0.605359 0.0294954 -0.928997
0.605671 0.032526 -0.936825
0.643564 0.019083 -0.932409
0.643537 0.0209191 -0.940143
0.539525 -0.0328218 -1.01743
0.51563 0.0264044 -1.01116
0.516314 0.0268216 -1.01186
0.546961 -0.00324422 -1.03284
0.58817 -0.00549549 -1.02726
0.629865 -0.00639234 -1.0204
0.630522 -0.00617933 -1.02009
0.563742 0.0438743 -0.988051
0.63861 0.0153481 -0.986196
0.631036 -0.00311605 -1.01728
0.612142 0.0298888 -0.991539
0.563809 0.043894 -0.988021
0.602417 0.0343634 -0.989365
0.55549 0.0239692 -1.02359
0.592918 0.00981361 -1.02277
0.630033 -0.00584417 -1.02026
0.563801 0.043881 -0.98808
0.602023 0.0335506 -0.991586

Normals
-0.365912 -0.600619 0.710891
-0.887978 0.144545 0.436579
-0.433248 -0.75829 -0.487127
-0.27372 -0.787012 -0.552892
-0.200536 -0.711883 0.673058
-0.193855 -0.814356 -0.547032
-0.133246 -0.758878 0.637456
0.0249232 -0.865173 -0.500853
0.0383585 -0.842871 0.536747
0.810534 -0.574183 -0.11554
-0.706095 0.3504 0.615346
-0.227553 -0.505017 0.832573
-0.576675 0.461567 0.674093
-0.111918 -0.59862 0.793176
0.0543376 -0.658951 0.75022
0.931678 -0.358185 0.0606511
-0.327117 0.545837 0.771399
-0.0448035 -0.0681517 0.996668
-0.226065 0.553851 0.801339
0.226437 -0.264865 0.937322
0.918384 -0.0486959 0.392683
0.112709 0.580176 0.806655
0.421908 0.496556 0.758568
-0.269095 -0.770411 -0.577974
-0.264661 -0.681705 -0.68208
-0.247738 -0.686313 -0.683813
-0.230168 -0.688324 -0.687919
-0.762676 0.644259 0.0570584
-0.421724 -0.60394 -0.676317
-0.157231 -0.688229 -0.708251
0.0847015 -0.676822 -0.731257
0.866108 -0.376762 -0.328492
-0.647655 0.741055 0.177146
-0.45375 0.843441 0.287608
0.984196 -0.125274 -0.125161
-0.289828 0.907575 0.303822
0.16694 0.90382 0.394007
0.185862 0.944528 0.270783
0.55236 0.785251 0.279786
0.555294 0.815988 0.16066
-0.238816 -0.661637 -0.710777
-0.470834 0.808819 -0.352317
-0.462156 0.809638 -0.361798
-0.198299 -0.475161 -0.857263
-0.000940418 -0.290759 -0.956796
0.449374 0.179352 -0.875155
0.482987 0.19224 -0.854264
-0.11038 0.984606 -0.135529
0.578609 0.690901 -0.433436
0.475662 0.25825 -0.840864
0.361787 0.847175 -0.389107
-0.109005 0.984764 -0.135492
0.283492 0.90868 -0.306485
0.0708975 0.637846 -0.766894
0.234034 0.485506 -0.842326
0.457126 0.213167 -0.863479
-0.108737 0.984587 -0.136985
0.284903 0.888276 -0.360272

Colors
1 0.15 0.86
1 0.15 0.86
1 0.15 0.86
1 0.15 0.86
1 0.15 0.86
1 0.15 0.86
1 0.15 0.86
1 0.15 0.86
1 0.15 0.86
1 0.15 0.86
1 0.15 0.86
1 0.15 0.86
1 0.15 0.86
1 0.15 0.86
1 0.15 0.86
1 0.15 0.86
1 0.15 0.86
1 0.15 0.86
1 0.15 0.86
1 0.15 0.86
1 0.15 0.86
1 0.15 0.86
1 0.15 0.86
1 0.15 0.86
1 0.15 0.86
1 0.15 0.86
1 0.15 0.86
1 0.15 0.86
1 0.15 0.86
1 0.15 0.86
1 0.15 0.86
1 0.15 0.86
1 0.15 0.86
1 0.15 0.86
1 0.15 0.86
1 0.15 0.86
1 0.15 0.86
1 0.15 0.86
1 0.15 0.86
1 0.15 0.86
1 0.15 0.86
1 0.15 0.86
1 0.15 0.86
1 0.15 0.86
1 0.15 0.86
1 0.15 0.86
1 0.15 0.86
1 0.15 0.86
1 0.15 0.86
1 0.15 0.86
1 0.15 0.86
1 0.15 0.86
1 0.15 0.86
1 0.15 0.86
1 0.15 0.86
1 0.15 0.86
1 0.15 0.86
1 0.15 0.86

Texture
  Ambient 0 Diffuse 0.65 Specular 0 Opacity 0.15
  Phong Plastic 0.5 Phong_size 40 Color 1 0.15 0.86 TexFunc 0

TriMesh 112
0 1 2
0 3 4
2 3 0
4 5 6
3 5 4
6 7 8
5 7 6
7 9 8
0 10 1
10 11 12
10 0 11
0 4 11
6 13 4
13 11 4
8 14 6
14 13 6
15 8 9
14 8 15
11 16 12
16 17 18
16 11 17
11 13 17
14 19 13
19 17 13
20 14 15
19 14 20
17 21 18
19 21 17
22 21 19
20 22 19
23 24 25
25 26 23
2 27 28
1 27 2
24 23 3
24 3 28
28 3 2
23 26 29
23 29 3
3 29 5
7 5 30
5 29 30
30 9 7
31 9 30
1 32 27
10 32 1
32 10 12
33 32 12
9 31 15
31 34 15
12 35 33
16 35 12
18 36 37
18 37 16
16 37 35
36 38 39
37 36 39
38 34 39
38 20 34
20 15 34
18 21 36
22 36 21
38 36 22
20 38 22
25 24 40
25 40 26
28 27 41
28 41 42
24 28 42
24 42 43
24 43 40
26 40 43
26 43 29
29 43 44
30 29 45
29 44 45
45 31 30
46 31 45
27 32 41
41 32 33
41 33 42
42 33 47
48 49 50
48 46 49
48 34 46
34 31 46
33 51 47
35 51 33
37 52 35
35 52 51
50 39 48
50 52 39
52 37 39
34 48 39
43 42 53
43 54 44
53 54 43
44 55 45
54 55 44
45 55 46
53 47 56
42 47 53
54 53 57
57 53 56
49 57 50
49 55 57
55 54 57
46 55 49
47 51 56
52 56 51
57 56 52
50 57 52

End_VertexArray
# MoleculeID: 0 ReprID: 9 Beginning Isosurface
VertexArray  Numverts 390

Coords
-0.37686 -0.142429 -1.21293
-0.386977 -0.136562 -1.2153
-0.37695 -0.141516 -1.21784
-0.339803 -0.155135 -1.22307
-0.339349 -0.156181 -1.21257
-0.310727 -0.158595 -1.22079
-0.366795 -0.113106 -1.19083
-0.329036 -0.126627 -1.18796
-0.365342 -0.112057 -1.18963
-0.308449 -0.128496 -1.19373
-0.324432 -0.112132 -1.18218
-0.403933 -0.104009 -1.24317
-0.373755 -0.121639 -1.25323
-0.337683 -0.138265 -1.26132
-0.298321 -0.145686 -1.26066
-0.29917 -0.15708 -1.22673
-0.256915 -0.147387 -1.25456
-0.256764 -0.147246 -1.25302
-0.255128 -0.147006 -1.25389
-0.366255 -0.111467 -1.18991
-0.388372 -0.077748 -1.21706
-0.288473 -0.125674 -1.20421
-0.252186 -0.117099 -1.22688
-0.253986 -0.139193 -1.24676
-0.351492 -0.0604711 -1.18952
-0.354696 -0.0567217 -1.19226
-0.316003 -0.0839625 -1.17816
-0.275128 -0.0815075 -1.19611
-0.271155 -0.0808612 -1.19828
-0.350521 -0.0566364 -1.19142
-0.310379 -0.061876 -1.18868
-0.274513 -0.0790768 -1.19732
-0.403041 -0.0766119 -1.27232
-0.370147 -0.100603 -1.28751
-0.335212 -0.120411 -1.29863
-0.296688 -0.130177 -1.3002
-0.256675 -0.135777 -1.2978
-0.214583 -0.13556 -1.28988
-0.213892 -0.135171 -1.28184
-0.203118 -0.134381 -1.28673
-0.391778 -0.0491093 -1.24591
-0.245909 -0.115079 -1.23136
-0.203702 -0.106205 -1.25657
-0.193826 -0.106308 -1.26017
-0.369257 -0.0248598 -1.2203
-0.232442 -0.0703271 -1.22392
-0.214818 -0.0694857 -1.23143
-0.200046 -0.0948908 -1.25121
-0.341458 -0.0203415 -1.2112
-0.300799 -0.0241325 -1.20708
-0.265415 -0.0426841 -1.217
-0.230472 -0.0624685 -1.2281
-0.37555 -0.0569012 -1.30339
-0.363343 -0.0706295 -1.3133
-0.32989 -0.0945828 -1.32836
-0.291067 -0.103512 -1.32913
-0.25058 -0.107785 -1.32547
-0.209861 -0.111409 -1.3212
-0.179062 -0.113677 -1.31755
-0.366944 -0.0286308 -1.27678
-0.165673 -0.105329 -1.3077
-0.161024 -0.0950631 -1.28433
-0.128492 -0.0975325 -1.29397
-0.0460354 -0.124492 -1.29661
-0.0632953 -0.116371 -1.29866
-0.0469251 -0.125741 -1.30395
-0.0105961 -0.141648 -1.31136
-0.00795748 -0.135513 -1.29934
-0.00335048 -0.133693 -1.30298
-0.351527 -0.00232845 -1.25067
-0.187849 -0.0499583 -1.26211
-0.149994 -0.062053 -1.26362
-0.120365 -0.0961164 -1.29122
-0.113212 -0.0793172 -1.25929
-0.0811067 -0.103827 -1.29083
-0.0763815 -0.0963499 -1.25523
-0.038062 -0.106207 -1.25927
0.00142893 -0.11042 -1.26968
0.0118577 -0.10733 -1.27685
-0.337245 0.00238583 -1.24387
-0.295595 0.00136519 -1.23712
-0.260257 -0.0173144 -1.24717
-0.225353 -0.0372076 -1.25836
-0.214818 -0.0694857 -1.23143
-0.187768 -0.0495987 -1.26243
-0.149539 -0.0601902 -1.26478
-0.110506 -0.068534 -1.26499
-0.0710838 -0.0757855 -1.26417
-0.0327177 -0.0859932 -1.26616
0.00491121 -0.0982632 -1.2701
-0.363343 -0.0706295 -1.3133
-0.37555 -0.0569012 -1.30339
-0.357229 -0.047848 -1.3198
-0.333736 -0.041329 -1.33549
-0.319904 -0.055704 -1.34567
-0.32989 -0.0945828 -1.32836
-0.291067 -0.103512 -1.32913
-0.281722 -0.0664251 -1.34815
-0.25058 -0.107785 -1.32547
-0.242081 -0.0730662 -1.34675
-0.209861 -0.111409 -1.3212
-0.204213 -0.084669 -1.35006
-0.179062 -0.113677 -1.31755
-0.166209 -0.0958896 -1.35301
-0.168437 -0.110648 -1.32473
-0.126172 -0.101422 -1.35055
-0.1262 -0.101632 -1.35009
-0.124969 -0.101653 -1.35054
-0.0510462 -0.128502 -1.35009
-0.0656531 -0.118793 -1.35481
-0.0505536 -0.124953 -1.35749
-0.0129781 -0.137372 -1.36158
-0.0142084 -0.145499 -1.34606
-0.00603006 -0.136021 -1.35911
-0.366944 -0.0286308 -1.27678
-0.34655 -0.0165253 -1.29719
-0.326697 -0.0126058 -1.30877
-0.23087 -0.0426235 -1.31323
-0.232435 -0.0460816 -1.32109
-0.236935 -0.0385431 -1.31524
-0.224444 -0.0421523 -1.31614
-0.165673 -0.105329 -1.3077
-0.128492 -0.0975325 -1.29397
-0.121339 -0.0983453 -1.2958
-0.0855111 -0.105209 -1.34643
-0.0826219 -0.106285 -1.30201
-0.0632953 -0.116371 -1.29866
-0.0469251 -0.125741 -1.30395
-0.0105961 -0.141648 -1.31136
-0.00335048 -0.133693 -1.30298
0.021751 -0.113292 -1.33388
-0.351527 -0.00232845 -1.25067
-0.33711 0.00882433 -1.26782
-0.30865 0.0129366 -1.28285
-0.259373 -0.00560084 -1.28188
-0.262276 -0.0120223 -1.29642
-0.274637 0.0031082 -1.2853
-0.224885 -0.0339162 -1.26506
-0.182564 -0.0241006 -1.29247
-0.185605 -0.0391466 -1.27433
-0.18204 -0.023648 -1.29197
-0.120365 -0.0961164 -1.29122
-0.0811067 -0.103827 -1.29083
0.0118577 -0.10733 -1.27685
0.0430046 -0.0886757 -1.30819
-0.337245 0.00238583 -1.24387
-0.295388 0.0128841 -1.28046
-0.295595 0.00136519 -1.23712
-0.260257 -0.0173144 -1.24717
-0.225353 -0.0372076 -1.25836
-0.187768 -0.0495987 -1.26243
-0.141389 -0.0264509 -1.28698
-0.149539 -0.0601902 -1.26478
-0.110506 -0.068534 -1.26499
-0.101491 -0.03237 -1.28489
-0.0710838 -0.0757855 -1.26417
-0.0613549 -0.0376269 -1.28217
-0.0327177 -0.0859932 -1.26616
-0.0219321 -0.044878 -1.28135
0.00491121 -0.0982632 -1.2701
0.0165241 -0.0548337 -1.2831
-0.319904 -0.055704 -1.34567
-0.333736 -0.041329 -1.33549
-0.315972 -0.0435502 -1.33983
-0.27765 -0.0533956 -1.34389
-0.281722 -0.0664251 -1.34815
-0.239266 -0.0629439 -1.34828
-0.242081 -0.0730662 -1.34675
-0.208654 -0.0498177 -1.37359
-0.199485 -0.0604999 -1.38136
-0.204213 -0.084669 -1.35006
-0.166209 -0.0958896 -1.35301
-0.165587 -0.0832091 -1.39524
-0.126172 -0.101422 -1.35055
-0.125803 -0.089448 -1.39345
-0.124969 -0.101653 -1.35054
-0.0858754 -0.0952881 -1.39129
-0.0868625 -0.106585 -1.35968
-0.0505536 -0.124953 -1.35749
-0.0656531 -0.118793 -1.35481
-0.0466902 -0.103204 -1.39109
-0.0129781 -0.137372 -1.36158
-0.00692082 -0.109486 -1.38935
-0.00603006 -0.136021 -1.35911
-0.00447208 -0.108817 -1.38831
-0.326697 -0.0126058 -1.30877
-0.306044 -0.0158474 -1.31313
-0.268075 -0.0273978 -1.31526
-0.232435 -0.0460816 -1.32109
-0.236935 -0.0385431 -1.31524
-0.224444 -0.0421523 -1.31614
-0.187397 -0.0276513 -1.34532
-0.187629 -0.0273307 -1.34983
-0.186193 -0.0255508 -1.34799
-0.0855111 -0.105209 -1.34643
0.021751 -0.113292 -1.33388
0.0206677 -0.085324 -1.36289
-0.30865 0.0129366 -1.28285
-0.296372 0.0106188 -1.28503
-0.262276 -0.0120223 -1.29642
-0.274637 0.0031082 -1.2853
-0.182564 -0.0241006 -1.29247
-0.18204 -0.023648 -1.29197
-0.160555 -0.00220181 -1.32261
0.0430046 -0.0886757 -1.30819
0.0398522 -0.0601104 -1.33705
-0.295388 0.0128841 -1.28046
-0.134479 0.00382193 -1.31249
-0.141389 -0.0264509 -1.28698
-0.101491 -0.03237 -1.28489
-0.0931101 0.00201603 -1.30648
-0.0613549 -0.0376269 -1.28217
-0.052837 -0.00285623 -1.3034
-0.0219321 -0.044878 -1.28135
-0.0153725 -0.0155862 -1.30778
0.0165241 -0.0548337 -1.2831
0.0209364 -0.0315492 -1.31524
-0.164346 -0.0708093 -1.42775
-0.168176 -0.0646167 -1.43282
-0.163424 -0.0662166 -1.43337
-0.148604 -0.0702721 -1.43424
-0.199485 -0.0604999 -1.38136
-0.197325 -0.0254367 -1.4035
-0.194768 -0.0363627 -1.4127
-0.208654 -0.0498177 -1.37359
-0.165587 -0.0832091 -1.39524
-0.124412 -0.0746164 -1.43364
-0.125803 -0.089448 -1.39345
-0.0858754 -0.0952881 -1.39129
-0.0839605 -0.0789906 -1.43008
-0.0466902 -0.103204 -1.39109
-0.0422782 -0.0799207 -1.42324
-0.0050914 -0.101572 -1.39569
-0.013053 -0.078683 -1.41678
-0.00692082 -0.109486 -1.38935
-0.00447208 -0.108817 -1.38831
-0.185145 -0.00944174 -1.3871
-0.187629 -0.0273307 -1.34983
-0.186193 -0.0255508 -1.34799
-0.177243 -0.000482378 -1.37772
0.00345719 -0.069511 -1.40562
0.0156742 -0.0562267 -1.39162
0.0206677 -0.085324 -1.36289
-0.160555 -0.00220181 -1.32261
-0.152269 0.0230584 -1.35229
0.0398522 -0.0601104 -1.33705
0.0320917 -0.0302135 -1.36558
-0.128007 0.0328684 -1.33915
-0.134479 0.00382193 -1.31249
-0.0931101 0.00201603 -1.30648
-0.0856532 0.0338183 -1.33053
-0.0524838 -0.00134176 -1.30457
-0.0801483 0.0329759 -1.33026
-0.052837 -0.00285623 -1.3034
-0.0256284 0.0172221 -1.33419
-0.0105248 0.00891618 -1.33877
-0.0153725 -0.0155862 -1.30778
0.0209364 -0.0315492 -1.31524
0.0229836 -0.0148817 -1.35368
-0.0471314 0.0240464 -1.3321
-0.163424 -0.0662166 -1.43337
-0.160029 -0.0393161 -1.4625
-0.157991 -0.0400765 -1.4628
-0.168176 -0.0646167 -1.43282
-0.148604 -0.0702721 -1.43424
-0.122193 -0.0502492 -1.46523
-0.194768 -0.0363627 -1.4127
-0.186569 -0.000890201 -1.43336
-0.186815 -0.00317395 -1.43543
-0.197325 -0.0254367 -1.4035
-0.119829 -0.050855 -1.46533
-0.124412 -0.0746164 -1.43364
-0.0839605 -0.0789906 -1.43008
-0.0796496 -0.05599 -1.46249
-0.0422782 -0.0799207 -1.42324
-0.0358478 -0.0509901 -1.45002
-0.013053 -0.078683 -1.41678
-0.0227331 -0.0482314 -1.44517
-0.182708 0.00831625 -1.4245
-0.185145 -0.00944174 -1.3871
-0.177243 -0.000482378 -1.37772
-0.172111 0.0256892 -1.40718
0.0110993 -0.0436965 -1.40308
0.00345719 -0.069511 -1.40562
-0.000201611 -0.0239849 -1.41957
0.0156742 -0.0562267 -1.39162
-0.152269 0.0230584 -1.35229
-0.150521 0.0502077 -1.38151
0.0221297 -0.0106833 -1.38238
0.0116314 0.00335304 -1.39319
0.0320917 -0.0302135 -1.36558
-0.120959 0.063528 -1.36429
-0.128007 0.0328684 -1.33915
-0.0856532 0.0338183 -1.33053
-0.0800285 0.0604948 -1.35945
-0.0801483 0.0329759 -1.33026
-0.04243 0.047098 -1.3593
-0.0420644 0.0491626 -1.36251
-0.0256284 0.0172221 -1.33419
-0.0105248 0.00891618 -1.33877
-0.00931338 0.0232455 -1.37943
0.0229836 -0.0148817 -1.35368
-0.0471314 0.0240464 -1.3321
-0.157991 -0.0400765 -1.4628
-0.160029 -0.0393161 -1.4625
-0.155542 -0.0283921 -1.47568
-0.122193 -0.0502492 -1.46523
-0.186815 -0.00317395 -1.43543
-0.186569 -0.000890201 -1.43336
-0.183655 0.0105091 -1.44645
-0.178106 0.0243188 -1.46306
-0.152045 -0.0125009 -1.49087
-0.119829 -0.050855 -1.46533
-0.11434 -0.024559 -1.49461
-0.0796496 -0.05599 -1.46249
-0.0744912 -0.0306182 -1.49265
-0.0358478 -0.0509901 -1.45002
-0.0289172 -0.0206603 -1.47547
-0.0227331 -0.0482314 -1.44517
-0.0264835 -0.0194933 -1.47399
-0.182708 0.00831625 -1.4245
-0.172111 0.0256892 -1.40718
-0.167292 0.0519511 -1.43661
-0.000201611 -0.0239849 -1.41957
-0.0123794 0.00718838 -1.44778
-0.150521 0.0502077 -1.38151
-0.148757 0.0773523 -1.41072
0.0116314 0.00335304 -1.39319
-0.0062127 0.0361636 -1.421
-0.114515 0.0924957 -1.39103
-0.120959 0.063528 -1.36429
-0.0800285 0.0604948 -1.35945
-0.0753372 0.0845596 -1.39086
-0.0390415 0.0685599 -1.39835
-0.0078247 0.0383505 -1.41936
-0.0420644 0.0491626 -1.36251
-0.172599 0.0503818 -1.49255
-0.145146 0.0177402 -1.5164
-0.107292 0.0060993 -1.51975
-0.0674826 -7.00528e-05 -1.51789
-0.027341 -0.0142903 -1.47914
-0.0337305 0.0102552 -1.50255
-0.162694 0.078277 -1.46603
-0.0161191 0.0196459 -1.45947
-0.0231804 0.0379638 -1.47609
-0.142158 0.1031 -1.44029
-0.00786999 0.0392588 -1.42363
-0.0246144 0.0691353 -1.44876
-0.111522 0.111809 -1.42695
-0.0732599 0.101312 -1.42921
-0.0375067 0.0837937 -1.43815
-0.165053 0.0758558 -1.52218
-0.138368 0.047643 -1.54225
-0.100246 0.0367526 -1.54489
-0.0603318 0.0308757 -1.54276
-0.0384394 0.0392703 -1.5313
-0.154311 0.103509 -1.49573
-0.0311397 0.0679181 -1.5046
-0.129209 0.127013 -1.47031
-0.0336822 0.0994099 -1.47719
-0.109058 0.129643 -1.46428
-0.0712749 0.117805 -1.46782
-0.0352062 0.10117 -1.47592
-0.149657 0.0990616 -1.55238
-0.132523 0.0749346 -1.57059
-0.0947015 0.0632042 -1.57402
-0.0546935 0.05759 -1.57164
-0.0362359 0.066288 -1.56055
-0.130332 0.124235 -1.52654
-0.0368329 0.0972176 -1.53328
-0.111171 0.134671 -1.51379
-0.10861 0.137333 -1.48891
-0.0708411 0.124825 -1.48996
-0.0734634 0.122622 -1.51752
-0.0350311 0.102877 -1.48033
-0.0388014 0.102052 -1.52936
-0.131164 0.121372 -1.5828
-0.125313 0.106048 -1.59529
-0.0882388 0.0922249 -1.60071
-0.0478729 0.0876122 -1.59738
-0.0376189 0.0943421 -1.58954
-0.116095 0.131836 -1.57077
-0.113545 0.13369 -1.5428
-0.0752694 0.123621 -1.5466
-0.0772195 0.123054 -1.5714
-0.0391055 0.103378 -1.53891
-0.0418135 0.104565 -1.58126
-0.119578 0.124756 -1.59071
-0.0811718 0.115314 -1.59522
-0.0438149 0.10082 -1.59402

Normals
-0.407776 -0.862146 0.300706
-0.663606 -0.747855 0.0184284
-0.468775 -0.866688 -0.170594
-0.250245 -0.929421 -0.271209
-0.153411 -0.871122 0.466489
0.161886 -0.969621 0.183379
-0.375956 -0.252876 0.891465
-0.0263925 -0.517213 0.85545
-0.348534 -0.220456 0.911001
0.284074 -0.495513 0.820834
0.0803605 -0.165734 0.982891
-0.934397 -0.26431 -0.238836
-0.425441 -0.723132 -0.544132
-0.289617 -0.77555 -0.560932
-0.178154 -0.836202 -0.518678
0.263348 -0.949413 0.171062
0.255709 -0.956653 0.139383
0.33981 -0.900783 0.270406
0.290759 -0.910091 0.295284
-0.360775 -0.211735 0.908301
-0.873788 0.269451 0.404835
0.482638 -0.493956 0.723234
0.500715 -0.493114 0.711424
0.380159 -0.838625 0.390113
-0.242281 0.353986 0.903324
-0.318862 0.400408 0.859069
0.129677 0.134092 0.982448
0.452652 0.146204 0.87962
0.457236 0.149255 0.876731
-0.199089 0.424966 0.883044
0.208536 0.452994 0.866781
0.444603 0.205672 0.871795
-0.931313 0.0206672 -0.363634
-0.407304 -0.660498 -0.630751
-0.295392 -0.719601 -0.628425
-0.231506 -0.740339 -0.631113
-0.182116 -0.761419 -0.622154
0.0402843 -0.929237 -0.367281
0.246474 -0.911513 0.329234
0.333898 -0.935071 0.118973
-0.903479 0.425923 0.0481217
0.523921 -0.48078 0.703105
0.361732 -0.571776 0.736357
0.4372 -0.556417 0.706581
-0.710651 0.578036 0.401061
0.520968 0.273251 0.808657
0.469953 0.293966 0.832303
0.485977 -0.187075 0.853715
0.0347667 0.684563 0.728125
0.24804 0.638624 0.728447
0.37656 0.57268 0.728176
0.46796 0.449499 0.760897
-0.796496 0.26757 -0.542218
-0.483811 -0.483019 -0.729808
-0.288518 -0.662917 -0.690868
-0.213221 -0.684899 -0.696742
-0.168571 -0.68812 -0.705744
-0.108623 -0.741505 -0.662096
0.19178 -0.929841 -0.314034
-0.793557 0.562117 -0.233006
0.175252 -0.984485 -0.00866876
0.164507 -0.736323 0.656328
-0.0544308 -0.94288 0.328656
-0.328273 -0.889608 0.317544
-0.364371 -0.901479 0.2336
-0.395086 -0.89065 0.225055
0.269469 -0.930298 0.248863
0.40477 -0.813733 0.417133
0.539546 -0.768164 0.344694
-0.670193 0.738191 0.0769154
0.264001 0.609208 0.747776
0.0855869 0.309817 0.946936
-0.0885109 -0.885465 0.456199
-0.0508456 0.0672884 0.996437
-0.327188 -0.865504 0.379278
-0.0494029 -0.215606 0.97523
0.199557 -0.247723 0.948056
0.518845 -0.470872 0.713498
0.692928 -0.479935 0.538064
-0.0581237 0.845348 0.531045
0.253835 0.745404 0.616393
0.395647 0.715024 0.576372
0.473877 0.735826 0.483736
0.469953 0.293966 0.832303
0.261552 0.615951 0.743098
0.0954803 0.368259 0.924807
0.075278 0.437601 0.896013
0.151192 0.51314 0.844883
0.202434 0.463209 0.86282
0.404227 0.206496 0.891044
-0.483811 -0.483019 -0.729808
-0.796496 0.26757 -0.542218
-0.533307 0.42658 -0.730488
-0.260377 0.540047 -0.800346
-0.229237 -0.164076 -0.959442
-0.288518 -0.662917 -0.690868
-0.213221 -0.684899 -0.696742
-0.14097 -0.352233 -0.925235
-0.168571 -0.68812 -0.705744
-0.151899 -0.456582 -0.876618
-0.108623 -0.741505 -0.662096
-0.260283 -0.707732 -0.656786
0.19178 -0.929841 -0.314034
-0.209696 -0.847783 -0.487126
0.0848764 -0.971782 -0.220081
-0.112397 -0.979475 -0.167318
-0.108599 -0.981761 -0.15605
-0.117798 -0.980312 -0.15847
-0.417882 -0.851076 -0.317875
-0.383857 -0.867621 -0.316051
-0.378781 -0.810861 -0.446127
0.0657621 -0.808732 -0.584489
0.170816 -0.941213 -0.291444
0.553524 -0.720325 -0.418022
-0.793557 0.562117 -0.233006
-0.466306 0.684063 -0.560907
-0.208434 0.718663 -0.663385
0.234243 0.84687 -0.477432
0.186592 0.778876 -0.598778
0.223344 0.816247 -0.532784
0.145551 0.871375 -0.46853
0.175252 -0.984485 -0.00866876
-0.0544308 -0.94288 0.328656
-0.0906758 -0.954492 0.284118
-0.349726 -0.924587 -0.151099
-0.351425 -0.926168 0.1368
-0.364371 -0.901479 0.2336
-0.395086 -0.89065 0.225055
0.269469 -0.930298 0.248863
0.539546 -0.768164 0.344694
0.912671 -0.393972 -0.108713
-0.670193 0.738191 0.0769154
-0.398742 0.888979 -0.225213
0.00155633 0.882118 -0.471026
0.403471 0.853589 -0.32954
0.342416 0.80932 -0.477234
0.273099 0.857286 -0.436438
0.483875 0.821851 0.300709
-0.150599 0.911966 0.381626
0.0984143 0.774012 0.625476
-0.147746 0.909592 0.388346
-0.0885109 -0.885465 0.456199
-0.327188 -0.865504 0.379278
0.692928 -0.479935 0.538064
0.962418 -0.271547 -0.00370759
-0.0581237 0.845348 0.531045
0.219373 0.95196 -0.213655
0.253835 0.745404 0.616393
0.395647 0.715024 0.576372
0.473877 0.735826 0.483736
0.261552 0.615951 0.743098
0.104543 0.637264 0.763522
0.0954803 0.368259 0.924807
0.075278 0.437601 0.896013
0.159527 0.627077 0.762447
0.151192 0.51314 0.844883
0.189712 0.646164 0.739244
0.202434 0.463209 0.86282
0.221541 0.655436 0.722028
0.404227 0.206496 0.891044
0.314727 0.636932 0.703751
-0.229237 -0.164076 -0.959442
-0.260377 0.540047 -0.800346
-0.0598134 0.56362 -0.823866
0.0396867 0.524988 -0.850184
-0.14097 -0.352233 -0.925235
-0.197358 0.371126 -0.907367
-0.151899 -0.456582 -0.876618
-0.909399 0.244088 -0.336772
-0.535014 -0.604951 -0.589741
-0.260283 -0.707732 -0.656786
-0.209696 -0.847783 -0.487126
-0.276825 -0.767295 -0.578469
-0.112397 -0.979475 -0.167318
-0.20538 -0.818591 -0.536403
-0.117798 -0.980312 -0.15847
-0.197704 -0.843828 -0.498866
-0.287206 -0.934902 -0.208495
-0.378781 -0.810861 -0.446127
-0.383857 -0.867621 -0.316051
-0.159371 -0.786004 -0.597327
0.0657621 -0.808732 -0.584489
0.322078 -0.650712 -0.687633
0.553524 -0.720325 -0.418022
0.51439 -0.59544 -0.617135
-0.208434 0.718663 -0.663385
0.0461471 0.706773 -0.705934
0.217797 0.72443 -0.654038
0.186592 0.778876 -0.598778
0.223344 0.816247 -0.532784
0.145551 0.871375 -0.46853
-0.764109 0.620809 0.175308
-0.789906 0.590467 0.165522
-0.769716 0.61055 0.186456
-0.349726 -0.924587 -0.151099
0.912671 -0.393972 -0.108713
0.922212 -0.306065 -0.236325
0.00155633 0.882118 -0.471026
0.155894 0.837624 -0.523529
0.342416 0.80932 -0.477234
0.273099 0.857286 -0.436438
-0.150599 0.911966 0.381626
-0.147746 0.909592 0.388346
-0.484985 0.758291 0.435642
0.962418 -0.271547 -0.00370759
0.982419 -0.167622 -0.0821912
0.219373 0.95196 -0.213655
-0.00426855 0.710603 0.703581
0.104543 0.637264 0.763522
0.159527 0.627077 0.762447
0.167219 0.675217 0.718415
0.189712 0.646164 0.739244
0.226801 0.674566 0.702511
0.221541 0.655436 0.722028
0.274052 0.69101 0.66888
0.314727 0.636932 0.703751
0.389642 0.692589 0.607042
-0.282834 -0.720321 -0.633358
-0.303854 -0.702616 -0.643431
-0.287314 -0.713192 -0.639381
-0.257951 -0.727673 -0.635573
-0.535014 -0.604951 -0.589741
-0.903274 0.388087 -0.18299
-0.717727 -0.410956 -0.562125
-0.909399 0.244088 -0.336772
-0.276825 -0.767295 -0.578469
-0.210203 -0.751502 -0.625348
-0.20538 -0.818591 -0.536403
-0.197704 -0.843828 -0.498866
-0.162146 -0.775182 -0.610575
-0.159371 -0.786004 -0.597327
-0.0134859 -0.748333 -0.663186
0.453158 -0.580394 -0.676602
0.518733 -0.539638 -0.663104
0.322078 -0.650712 -0.687633
0.51439 -0.59544 -0.617135
-0.888859 0.430015 0.158166
-0.789906 0.590467 0.165522
-0.769716 0.61055 0.186456
-0.826462 0.497832 0.262916
0.685594 -0.357421 -0.634201
0.896731 -0.211441 -0.3888
0.922212 -0.306065 -0.236325
-0.484985 0.758291 0.435642
-0.621695 0.624626 0.472587
0.982419 -0.167622 -0.0821912
0.989066 0.0121677 -0.14697
-0.0767922 0.719195 0.690551
-0.00426855 0.710603 0.703581
0.167219 0.675217 0.718415
0.172281 0.704557 0.688418
0.228634 0.676198 0.700345
0.185446 0.704524 0.685022
0.226801 0.674566 0.702511
0.301732 0.709956 0.636334
0.342831 0.715669 0.60851
0.274052 0.69101 0.66888
0.389642 0.692589 0.607042
0.579883 0.699586 0.417511
0.260051 0.699717 0.66541
-0.287314 -0.713192 -0.639381
-0.353583 -0.65548 -0.667327
-0.326709 -0.668257 -0.668351
-0.303854 -0.702616 -0.643431
-0.257951 -0.727673 -0.635573
-0.226561 -0.713341 -0.663186
-0.717727 -0.410956 -0.562125
-0.969425 0.24087 -0.0468706
-0.981119 0.154407 -0.116465
-0.903274 0.388087 -0.18299
-0.219905 -0.716025 -0.662533
-0.210203 -0.751502 -0.625348
-0.162146 -0.775182 -0.610575
-0.137531 -0.743403 -0.654551
-0.0134859 -0.748333 -0.663186
0.220192 -0.691561 -0.687938
0.518733 -0.539638 -0.663104
0.62118 -0.472167 -0.625455
-0.962039 0.272082 0.0212694
-0.888859 0.430015 0.158166
-0.826462 0.497832 0.262916
-0.92654 0.347511 0.144079
0.836696 -0.0857413 -0.540915
0.685594 -0.357421 -0.634201
0.866791 -0.0386327 -0.497172
0.896731 -0.211441 -0.3888
-0.621695 0.624626 0.472587
-0.811305 0.473459 0.342959
0.894677 0.400516 -0.197837
0.887473 0.433348 -0.156844
0.989066 0.0121677 -0.14697
-0.0202388 0.720845 0.692801
-0.0767922 0.719195 0.690551
0.172281 0.704557 0.688418
0.217855 0.715505 0.663771
0.185446 0.704524 0.685022
0.314386 0.714232 0.625327
0.320604 0.71539 0.620831
0.301732 0.709956 0.636334
0.342831 0.715669 0.60851
0.523185 0.710921 0.469966
0.579883 0.699586 0.417511
0.260051 0.699717 0.66541
-0.326709 -0.668257 -0.668351
-0.353583 -0.65548 -0.667327
-0.343125 -0.656437 -0.671831
-0.226561 -0.713341 -0.663186
-0.981119 0.154407 -0.116465
-0.969425 0.24087 -0.0468706
-0.976099 0.215393 -0.0289385
-0.979633 0.199273 -0.0246935
-0.366155 -0.640244 -0.675291
-0.219905 -0.716025 -0.662533
-0.229182 -0.691517 -0.68504
-0.137531 -0.743403 -0.654551
-0.114655 -0.718875 -0.685619
0.220192 -0.691561 -0.687938
0.634025 -0.506704 -0.584177
0.62118 -0.472167 -0.625455
0.755327 -0.378204 -0.535204
-0.962039 0.272082 0.0212694
-0.92654 0.347511 0.144079
-0.948255 0.301539 0.0994321
0.866791 -0.0386327 -0.497172
0.919942 0.0329472 -0.390667
-0.811305 0.473459 0.342959
-0.877966 0.420128 0.229496
0.887473 0.433348 -0.156844
0.905128 0.419292 -0.0702731
0.044453 0.760746 0.647526
-0.0202388 0.720845 0.692801
0.217855 0.715505 0.663771
0.269843 0.737988 0.618513
0.411769 0.721975 0.556056
0.866443 0.495369 0.0623432
0.320604 0.71539 0.620831
-0.982292 0.185749 -0.0244718
-0.365574 -0.631201 -0.684062
-0.221083 -0.674217 -0.704665
-0.055855 -0.700135 -0.711823
0.797817 -0.399404 -0.451625
0.876751 -0.34512 -0.334964
-0.947733 0.306093 0.0900537
0.973505 -0.0835111 -0.21287
0.98304 -0.0859223 -0.162017
-0.853109 0.474323 0.217306
0.924512 0.381015 -0.0102381
0.945511 0.31667 0.0756873
0.0612669 0.816266 0.574418
0.320433 0.776843 0.542067
0.598538 0.681532 0.42103
-0.977916 0.201982 -0.053689
-0.366175 -0.639873 -0.675632
-0.213551 -0.688525 -0.693058
0.0237005 -0.7197 -0.69388
0.894761 -0.361069 -0.262738
-0.933097 0.355691 0.0530457
0.993216 -0.0596162 -0.0998361
-0.73888 0.644563 0.196458
0.83674 0.525025 0.155609
0.0698899 0.904188 0.421378
0.383522 0.846997 0.368111
0.770541 0.604989 0.200634
-0.962141 0.259424 -0.0835722
-0.396134 -0.629716 -0.668234
-0.224146 -0.699292 -0.678785
0.0274991 -0.734421 -0.678137
0.929322 -0.312361 -0.196957
-0.813314 0.581816 0.00316269
0.948046 0.316835 -0.0287171
-0.0366855 0.997941 0.052607
0.0176422 0.988137 0.15256
0.397262 0.903963 0.15822
0.393357 0.916722 0.0699384
0.777392 0.605492 0.170414
0.832734 0.553169 0.023612
-0.817017 0.512341 -0.264557
-0.44874 -0.381054 -0.80835
-0.199361 -0.544142 -0.814963
0.186627 -0.456808 -0.869769
0.92922 0.0646388 -0.363829
-0.21083 0.919983 -0.330427
-0.114985 0.98419 -0.134717
0.338252 0.932032 -0.130004
0.295833 0.901346 -0.316319
0.815268 0.576238 -0.0573374
0.724695 0.566307 -0.392574
-0.164168 0.748595 -0.642382
0.176529 0.705044 -0.686841
0.517444 0.549919 -0.655622

Colors
1 0.15 0.86
1 0.15 0.86
1 0.15 0.86
1 0.15 0.86
1 0.15 0.86
1 0.15 0.86
1 0.15 0.86
1 0.15 0.86
1 0.15 0.86
1 0.15 0.86
1 0.15 0.86
1 0.15 0.86
1 0.15 0.86
1 0.15 0.86
1 0.15 0.86
1 0.15 0.86
1 0.15 0.86
1 0.15 0.86
1 0.15 0.86
1 0.15 0.86
1 0.15 0.86
1 0.15 0.86
1 0.15 0.86
1 0.15 0.86
1 0.15 0.86
1 0.15 0.86
1 0.15 0.86
1 0.15 0.86
1 0.15 0.86
1 0.15 0.86
1 0.15 0.86
1 0.15 0.86
1 0.15 0.86
1 0.15 0.86
1 0.15 0.86
1 0.15 0.86
1 0.15 0.86
1 0.15 0.86
1 0.15 0.86
1 0.15 0.86
1 0.15 0.86
1 0.15 0.86
1 0.15 0.86
1 0.15 0.86
1 0.15 0.86
1 0.15 0.86
1 0.15 0.86
1 0.15 0.86
1 0.15 0.86
1 0.15 0.86
1 0.15 0.86
1 0.15 0.86
1 0.15 0.86
1 0.15 0.86
1 0.15 0.86
1 0.15 0.86
1 0.15 0.86
1 0.15 0.86
1 0.15 0.86
1 0.15 0.86
1 0.15 0.86
1 0.15 0.86
1 0.15 0.86
1 0.15 0.86
1 0.15 0.86
1 0.15 0.86
1 0.15 0.86
1 0.15 0.86
1 0.15 0.86
1 0.15 0.86
1 0.15 0.86
1 0.15 0.86
1 0.15 0.86
1 0.15 0.86
1 0.15 0.86
1 0.15 0.86
1 0.15 0.86
1 0.15 0.86
1 0.15 0.86
1 0.15 0.86
1 0.15 0.86
1 0.15 0.86
1 0.15 0.86
1 0.15 0.86
1 0.15 0.86
1 0.15 0.86
1 0.15 0.86
1 0.15 0.86
1 0.15 0.86
1 0.15 0.86
1 0.15 0.86
1 0.15 0.86
1 0.15 0.86
1 0.15 0.86
1 0.15 0.86
1 0.15 0.86
1 0.15 0.86
1 0.15 0.86
1 0.15 0.86
1 0.15 0.86
1 0.15 0.86
1 0.15 0.86
1 0.15 0.86
1 0.15 0.86
1 0.15 0.86
1 0.15 0.86
1 0.15 0.86
1 0.15 0.86
1 0.15 0.86
1 0.15 0.86
1 0.15 0.86
1 0.15 0.86
1 0.15 0.86
1 0.15 0.86
1 0.15 0.86
1 0.15 0.86
1 0.15 0.86
1 0.15 0.86
1 0.15 0.86
1 0.15 0.86
1 0.15 0.86
1 0.15 0.86
1 0.15 0.86
1 0.15 0.86
1 0.15 0.86
1 0.15 0.86
1 0.15 0.86
1 0.15 0.86
1 0.15 0.86
1 0.15 0.86
1 0.15 0.86
1 0.15 0.86
1 0.15 0.86
1 0.15 0.86
1 0.15 0.86
1 0.15 0.86
1 0.15 0.86
1 0.15 0.86
1 0.15 0.86
1 0.15 0.86
1 0.15 0.86
1 0.15 0.86
1 0.15 0.86
1 0.15 0.86
1 0.15 0.86
1 0.15 0.86
1 0.15 0.86
1 0.15 0.86
1 0.15 0.86
1 0.15 0.86
1 0.15 0.86
1 0.15 0.86
1 0.15 0.86
1 0.15 0.86
1 0.15 0.86
1 0.15 0.86
1 0.15 0.86
1 0.15 0.86
1 0.15 0.86
1 0.15 0.86
1 0.15 0.86
1 0.15 0.86
1 0.15 0.86
1 0.15 0.86
1 0.15 0.86
1 0.15 0.86
1 0.15 0.86
1 0.15 0.86
1 0.15 0.86
1 0.15 0.86
1 0.15 0.86
1 0.15 0.86
1 0.15 0.86
1 0.15 0.86
1 0.15 0.86
1 0.15 0.86
1 0.15 0.86
1 0.15 0.86
1 0.15 0.86
1 0.15 0.86
1 0.15 0.86
1 0.15 0.86
1 0.15 0.86
1 0.15 0.86
1 0.15 0.86
1 0.15 0.86
1 0.15 0.86
1 0.15 0.86
1 0.15 0.86
1 0.15 0.86
1 0.15 0.86
1 0.15 0.86
1 0.15 0.86
1 0.15 0.86
1 0.15 0.86
1 0.15 0.86
1 0.15 0.86
1 0.15 0.86
1 0.15 0.86
1 0.15 0.86
1 0.15 0.86
1 0.15 0.86
1 0.15 0.86
1 0.15 0.86
1 0.15 0.86
1 0.15 0.86
1 0.15 0.86
1 0.15 0.86
1 0.15 0.86
1 0.15 0.86
1 0.15 0.86
1 0.15 0.86
1 0.15 0.86
1 0.15 0.86
1 0.15 0.86
1 0.15 0.86
1 0.15 0.86
1 0.15 0.86
1 0.15 0.86
1 0.15 0.86
1 0.15 0.86
1 0.15 0.86
1 0.15 0.86
1 0.15 0.86
1 0.15 0.86
1 0.15 0.86
1 0.15 0.86
1 0.15 0.86
1 0.15 0.86
1 0.15 0.86
1 0.15 0.86
1 0.15 0.86
1 0.15 0.86
1 0.15 0.86
1 0.15 0.86
1 0.15 0.86
1 0.15 0.86
1 0.15 0.86
1 0.15 0.86
1 0.15 0.86
1 0.15 0.86
1 0.15 0.86
1 0.15 0.86
1 0.15 0.86
1 0.15 0.86
1 0.15 0.86
1 0.15 0.86
1 0.15 0.86
1 0.15 0.86
1 0.15 0.86
1 0.15 0.86
1 0.15 0.86
1 0.15 0.86
1 0.15 0.86
1 0.15 0.86
1 0.15 0.86
1 0.15 0.86
1 0.15 0.86
1 0.15 0.86
1 0.15 0.86
1 0.15 0.86
1 0.15 0.86
1 0.15 0.86
1 0.15 0.86
1 0.15 0.86
1 0.15 0.86
1 0.15 0.86
1 0.15 0.86
1 0.15 0.86
1 0.15 0.86
1 0.15 0.86
1 0.15 0.86
1 0.15 0.86
1 0.15 0.86
1 0.15 0.86
1 0.15 0.86
1 0.15 0.86
1 0.15 0.86
1 0.15 0.86
1 0.15 0.86
1 0.15 0.86
1 0.15 0.86
1 0.15 0.86
1 0.15 0.86
1 0.15 0.86
1 0.15 0.86
1 0.15 0.86
1 0.15 0.86
1 0.15 0.86
1 0.15 0.86
1 0.15 0.86
1 0.15 0.86
1 0.15 0.86
1 0.15 0.86
1 0.15 0.86
1 0.15 0.86
1 0.15 0.86
1 0.15 0.86
1 0.15 0.86
1 0.15 0.86
1 0.15 0.86
1 0.15 0.86
1 0.15 0.86
1 0.15 0.86
1 0.15 0.86
1 0.15 0.86
1 0.15 0.86
1 0.15 0.86
1 0.15 0.86
1 0.15 0.86
1 0.15 0.86
1 0.15 0.86
1 0.15 0.86
1 0.15 0.86
1 0.15 0.86
1 0.15 0.86
1 0.15 0.86
1 0.15 0.86
1 0.15 0.86
1 0.15 0.86
1 0.15 0.86
1 0.15 0.86
1 0.15 0.86
1 0.15 0.86
1 0.15 0.86
1 0.15 0.86
1 0.15 0.86
1 0.15 0.86
1 0.15 0.86
1 0.15 0.86
1 0.15 0.86
1 0.15 0.86
1 0.15 0.86
1 0.15 0.86
1 0.15 0.86
1 0.15 0.86
1 0.15 0.86
1 0.15 0.86
1 0.15 0.86
1 0.15 0.86
1 0.15 0.86
1 0.15 0.86
1 0.15 0.86
1 0.15 0.86
1 0.15 0.86
1 0.15 0.86
1 0.15 0.86
1 0.15 0.86
1 0.15 0.86
1 0.15 0.86
1 0.15 0.86
1 0.15 0.86
1 0.15 0.86
1 0.15 0.86
1 0.15 0.86
1 0.15 0.86
1 0.15 0.86
1 0.15 0.86
1 0.15 0.86
1 0.15 0.86
1 0.15 0.86
1 0.15 0.86
1 0.15 0.86
1 0.15 0.86
1 0.15 0.86
1 0.15 0.86
1 0.15 0.86
1 0.15 0.86
1 0.15 0.86
1 0.15 0.86
1 0.15 0.86
1 0.15 0.86
1 0.15 0.86
1 0.15 0.86
1 0.15 0.86
1 0.15 0.86
1 0.15 0.86
1 0.15 0.86
1 0.15 0.86
1 0.15 0.86
1 0.15 0.86
1 0.15 0.86
1 0.15 0.86
1 0.15 0.86
1 0.15 0.86
1 0.15 0.86
1 0.15 0.86
1 0.15 0.86
1 0.15 0.86
1 0.15 0.86

Texture
  Ambient 0 Diffuse 0.65 Specular 0 Opacity 0.15
  Phong Plastic 0.5 Phong_size 40 Color 1 0.15 0.86 TexFunc 0

TriMesh 544
0 1 2
0 3 4
2 3 0
3 5 4
0 6 1
6 7 8
6 0 7
0 4 7
9 4 5
7 4 9
7 10 8
9 10 7
2 11 12
1 11 2
3 2 13
2 12 13
5 14 15
5 3 14
3 13 14
15 16 17
14 16 15
16 18 17
19 1 6
19 20 1
20 11 1
6 8 19
15 21 9
5 15 9
22 17 23
22 21 17
21 15 17
18 23 17
24 20 19
25 20 24
8 10 26
8 26 19
19 26 24
10 9 21
10 21 26
26 21 27
28 21 22
27 21 28
24 29 25
26 29 24
30 29 26
27 30 26
31 30 27
28 31 27
12 32 33
11 32 12
13 12 34
12 33 34
14 13 35
13 34 35
16 14 36
14 35 36
18 37 38
18 16 37
16 36 37
37 39 38
11 20 32
32 20 40
23 41 22
23 18 38
23 38 41
41 38 42
43 38 39
42 38 43
20 25 40
40 25 44
41 45 28
22 41 28
46 42 47
46 45 42
45 41 42
43 47 42
25 48 44
29 48 25
30 49 29
29 49 48
31 50 30
30 50 49
45 31 28
45 51 31
51 50 31
46 51 45
33 52 53
32 52 33
34 33 54
33 53 54
35 34 55
34 54 55
36 35 56
35 55 56
37 36 57
36 56 57
57 39 37
58 39 57
32 40 52
52 40 59
60 61 43
60 43 58
58 43 39
60 62 61
63 64 65
63 66 67
65 66 63
66 68 67
40 44 59
59 44 69
47 70 46
47 43 61
47 61 70
70 61 71
72 61 62
72 73 61
73 71 61
73 74 75
72 74 73
64 75 74
64 63 75
63 76 75
67 77 63
77 76 63
78 67 68
77 67 78
44 79 69
48 79 44
49 80 48
48 80 79
50 81 49
49 81 80
51 82 50
50 82 81
70 51 83
70 84 51
84 82 51
71 84 70
85 84 71
73 85 71
86 85 73
75 86 73
87 86 75
76 87 75
88 87 76
77 88 76
89 88 77
78 89 77
90 91 92
93 90 92
93 94 90
94 95 90
96 95 97
95 94 97
98 96 99
96 97 99
100 98 101
98 99 101
102 103 104
102 100 103
100 101 103
104 105 106
103 105 104
105 107 106
108 109 110
108 111 112
110 111 108
111 113 112
92 114 115
91 114 92
116 93 92
115 116 92
117 118 119
118 117 120
102 104 121
122 121 104
122 104 123
123 104 106
124 106 107
124 125 106
125 123 106
109 125 124
108 125 109
108 126 125
108 127 126
128 127 108
112 128 108
112 129 128
112 113 129
113 130 129
115 131 132
114 131 115
133 116 115
132 133 115
134 135 136
119 135 134
119 134 117
117 134 137
138 120 117
138 117 139
139 117 137
138 139 140
122 123 141
142 141 123
125 142 123
126 142 125
129 130 143
130 144 143
131 145 132
132 146 133
132 145 146
145 147 146
136 148 134
136 146 148
146 147 148
149 134 148
137 134 149
150 137 149
139 137 150
139 151 140
139 150 151
150 152 151
153 154 152
152 154 151
155 156 153
153 156 154
157 158 155
155 158 156
159 160 157
157 160 158
144 159 143
160 159 144
161 162 163
161 164 165
163 164 161
165 166 167
164 166 165
168 167 166
168 169 167
169 170 167
171 170 172
170 169 172
173 171 174
171 172 174
175 176 177
175 173 176
173 174 176
177 178 179
177 176 178
176 180 178
181 178 182
178 180 182
182 183 181
184 183 182
163 185 186
162 185 163
164 163 187
187 163 186
188 187 189
188 166 187
166 164 187
190 191 192
188 190 192
188 192 168
188 168 166
192 191 193
175 177 194
179 194 177
183 184 195
184 196 195
186 197 198
185 197 186
199 198 200
199 187 198
187 186 198
189 187 199
190 201 191
191 201 202
191 202 193
193 202 203
195 196 204
196 205 204
197 206 198
200 198 206
202 207 203
208 207 202
209 210 208
208 210 207
211 212 209
209 212 210
213 214 211
211 214 212
215 216 213
213 216 214
205 215 204
216 215 205
217 218 219
219 220 217
221 222 223
224 222 221
218 217 225
218 225 223
223 225 221
217 220 226
217 226 225
225 226 227
228 227 229
227 226 229
230 228 231
228 229 231
232 231 233
232 234 231
234 230 231
234 232 235
224 236 222
237 236 224
236 237 238
239 236 238
232 233 240
240 235 232
240 241 235
241 242 235
238 243 239
239 243 244
242 241 245
241 246 245
243 247 244
248 247 243
249 250 248
248 250 247
251 252 250
251 250 253
253 250 249
254 251 253
254 253 255
255 253 256
257 258 256
256 258 255
246 257 245
258 257 246
251 259 252
254 259 251
260 261 262
263 261 260
262 264 260
265 264 262
266 267 268
269 267 266
261 263 266
268 261 266
264 265 270
271 264 270
272 271 273
271 270 273
274 272 275
272 273 275
275 276 274
277 276 275
269 278 267
279 278 269
278 279 280
281 278 280
282 283 276
282 276 284
284 276 277
283 282 285
280 286 281
281 286 287
288 282 284
289 288 284
285 288 290
282 288 285
286 291 287
292 291 286
293 294 292
292 294 291
295 296 297
295 297 293
293 297 294
296 298 299
296 299 297
297 299 300
289 301 288
289 300 301
300 299 301
290 288 301
295 302 296
298 296 302
303 304 305
303 305 306
307 308 309
307 309 310
304 307 310
304 310 311
304 311 305
306 305 311
306 311 312
312 311 313
314 312 315
312 313 315
316 314 317
314 315 317
317 318 316
319 318 317
308 320 309
309 320 321
309 321 310
310 321 322
318 319 323
319 324 323
321 325 322
322 325 326
323 324 327
324 328 327
325 329 326
330 329 325
331 332 330
330 332 329
297 333 331
331 333 332
300 334 335
335 334 333
328 300 327
334 300 328
311 336 337
310 336 311
313 311 338
311 337 338
315 313 339
313 338 339
340 339 341
340 317 339
317 315 339
317 340 319
310 322 336
336 322 342
343 340 341
344 343 341
319 343 324
340 343 319
322 326 342
342 326 345
346 343 344
347 346 344
324 346 328
343 346 324
326 348 345
329 348 326
332 349 329
329 349 348
333 350 332
332 350 349
347 334 346
347 350 334
350 333 334
328 346 334
337 351 352
336 351 337
338 337 353
337 352 353
339 338 354
338 353 354
354 341 339
355 341 354
336 342 351
351 342 356
341 355 344
355 357 344
342 345 356
356 345 358
344 357 347
357 359 347
345 360 358
348 360 345
349 361 348
348 361 360
350 362 349
349 362 361
359 350 347
362 350 359
352 363 364
351 363 352
353 352 365
352 364 365
354 353 366
353 365 366
366 355 354
367 355 366
351 356 363
363 356 368
355 367 357
367 369 357
370 358 371
370 368 358
368 356 358
371 372 373
370 371 373
372 374 375
373 372 375
374 369 375
374 359 369
359 357 369
358 360 371
361 371 360
372 371 361
362 372 361
374 372 362
359 374 362
364 376 377
363 376 364
365 364 378
364 377 378
366 365 379
365 378 379
379 367 366
380 367 379
381 368 382
381 376 368
376 363 368
382 383 384
381 382 384
383 385 386
384 383 386
385 380 386
385 369 380
369 367 380
368 370 382
373 382 370
383 382 373
375 383 373
385 383 375
369 385 375
377 376 387
377 388 378
387 388 377
378 389 379
388 389 378
379 389 380
376 381 387
384 387 381
388 387 384
386 388 384
389 388 386
380 389 386

End_VertexArray
End_Scene 
